  0.01     1.11437e-025 
  0.02     1.03837e-007 
  0.03      0.000272253 
  0.04       0.00471354 
  0.05        0.0175417 
  0.06        0.0407871 
  0.07         0.066795 
  0.08        0.0933554 
  0.09         0.114534 
   0.1         0.139047 
  0.11         0.151774 
  0.12           0.1814 
  0.13          0.19662 
  0.14         0.212642 
  0.15         0.210893 
  0.16         0.227657 
  0.17         0.245172 
  0.18         0.243385 
  0.19         0.261576 
   0.2         0.259775 
  0.21         0.278606 
  0.22         0.276783 
  0.23          0.27498 
  0.24         0.294367 
  0.25         0.292536 
  0.26          0.29072 
  0.27         0.288919 
  0.28         0.308778 
  0.29         0.306942 
   0.3         0.305118 
  0.31         0.303305 
  0.32         0.301501 
  0.33         0.299707 
  0.34         0.319913 
  0.35         0.318082 
  0.36         0.316259 
  0.37         0.314444 
  0.38         0.312636 
  0.39         0.310836 
   0.4         0.309043 
  0.41         0.307256 
  0.42         0.327695 
  0.43         0.325869 
  0.44          0.32405 
  0.45         0.322237 
  0.46         0.320429 
  0.47         0.318628 
  0.48         0.316832 
  0.49         0.315041 
   0.5         0.313257 
  0.51         0.311477 
  0.52         0.309704 
  0.53         0.307935 
  0.54         0.306173 
  0.55         0.304415 
  0.56         0.324798 
  0.57         0.322998 
  0.58         0.321204 
  0.59         0.319414 
   0.6         0.317629 
  0.61         0.315849 
  0.62         0.314074 
  0.63         0.312304 
  0.64         0.310539 
  0.65         0.308778 
  0.66         0.307023 
  0.67         0.305272 
  0.68         0.303526 
  0.69         0.301785 
   0.7         0.300049 
  0.71         0.298317 
  0.72         0.296591 
  0.73         0.294869 
  0.74         0.293153 
  0.75         0.291441 
  0.76         0.289734 
  0.77         0.288032 
  0.78         0.286335 
  0.79         0.284644 
   0.8         0.282957 
  0.81         0.281275 
  0.82         0.279598 
  0.83         0.277926 
  0.84         0.297538 
  0.85         0.295818 
  0.86         0.294103 
  0.87         0.292392 
  0.88         0.290687 
  0.89         0.288986 
   0.9         0.287289 
  0.91         0.285598 
  0.92         0.283912 
  0.93          0.28223 
  0.94         0.280553 
  0.95         0.278881 
  0.96         0.277214 
  0.97         0.275553 
  0.98         0.273896 
  0.99         0.272244 
     1         0.270597 
