  0.01                0 
  0.02     1.18815e-007 
  0.03      0.000273756 
  0.04       0.00460493 
  0.05        0.0180722 
  0.06        0.0393723 
  0.07        0.0644152 
  0.08        0.0900168 
  0.09          0.11442 
   0.1          0.13685 
  0.11         0.157078 
  0.12         0.175141 
  0.13         0.191197 
  0.14         0.205446 
  0.15         0.218091 
  0.16         0.229322 
  0.17         0.239311 
  0.18         0.248209 
  0.19         0.256148 
   0.2         0.263241 
  0.21         0.269587 
  0.22          0.27527 
  0.23         0.280365 
  0.24         0.284934 
  0.25         0.289032 
  0.26         0.292709 
  0.27         0.296006 
  0.28         0.298959 
  0.29         0.301602 
   0.3         0.303963 
  0.31         0.306067 
  0.32         0.307936 
  0.33         0.309591 
  0.34          0.31105 
  0.35         0.312328 
  0.36          0.31344 
  0.37         0.314398 
  0.38         0.315215 
  0.39         0.315901 
   0.4         0.316465 
  0.41         0.316916 
  0.42         0.317263 
  0.43         0.317511 
  0.44         0.317669 
  0.45         0.317741 
  0.46         0.317733 
  0.47         0.317651 
  0.48         0.317499 
  0.49         0.317282 
   0.5         0.317003 
  0.51         0.316666 
  0.52         0.316275 
  0.53         0.315832 
  0.54         0.315341 
  0.55         0.314804 
  0.56         0.314225 
  0.57         0.313605 
  0.58         0.312946 
  0.59         0.312251 
   0.6         0.311521 
  0.61         0.310759 
  0.62         0.309967 
  0.63         0.309144 
  0.64         0.308295 
  0.65         0.307419 
  0.66         0.306517 
  0.67         0.305593 
  0.68         0.304645 
  0.69         0.303677 
   0.7         0.302688 
  0.71          0.30168 
  0.72         0.300653 
  0.73         0.299609 
  0.74         0.298549 
  0.75         0.297472 
  0.76         0.296381 
  0.77         0.295276 
  0.78         0.294157 
  0.79         0.293025 
   0.8         0.291881 
  0.81         0.290726 
  0.82         0.289559 
  0.83         0.288382 
  0.84         0.287195 
  0.85         0.285998 
  0.86         0.284793 
  0.87         0.283579 
  0.88         0.282357 
  0.89         0.281128 
   0.9         0.279891 
  0.91         0.278648 
  0.92         0.277398 
  0.93         0.276142 
  0.94          0.27488 
  0.95         0.273613 
  0.96         0.272341 
  0.97         0.271065 
  0.98         0.269783 
  0.99         0.268498 
     1         0.267209 
