  0.01         0.977947 
  0.02         0.977947 
  0.03         0.977675 
  0.04         0.973233 
  0.05         0.960405 
  0.06          0.93716 
  0.07         0.911152 
  0.08         0.884591 
  0.09         0.863413 
   0.1           0.8389 
  0.11         0.826173 
  0.12         0.796547 
  0.13         0.781327 
  0.14         0.765305 
  0.15         0.767054 
  0.16          0.75029 
  0.17         0.732775 
  0.18         0.734562 
  0.19         0.716371 
   0.2         0.718172 
  0.21         0.699341 
  0.22         0.701164 
  0.23         0.702966 
  0.24         0.683579 
  0.25          0.68541 
  0.26         0.687226 
  0.27         0.689028 
  0.28         0.669169 
  0.29         0.671004 
   0.3         0.672829 
  0.31         0.674642 
  0.32         0.676446 
  0.33          0.67824 
  0.34         0.658033 
  0.35         0.659864 
  0.36         0.661687 
  0.37         0.663503 
  0.38          0.66531 
  0.39         0.667111 
   0.4         0.668904 
  0.41         0.670691 
  0.42         0.650252 
  0.43         0.652077 
  0.44         0.653897 
  0.45          0.65571 
  0.46         0.657517 
  0.47         0.659319 
  0.48         0.661115 
  0.49         0.662905 
   0.5          0.66469 
  0.51         0.666469 
  0.52         0.668243 
  0.53         0.670011 
  0.54         0.671774 
  0.55         0.673532 
  0.56         0.653149 
  0.57         0.654949 
  0.58         0.656743 
  0.59         0.658533 
   0.6         0.660317 
  0.61         0.662097 
  0.62         0.663872 
  0.63         0.665643 
  0.64         0.667408 
  0.65         0.669168 
  0.66         0.670924 
  0.67         0.672675 
  0.68         0.674421 
  0.69         0.676162 
   0.7         0.677898 
  0.71          0.67963 
  0.72         0.681356 
  0.73         0.683078 
  0.74         0.684794 
  0.75         0.686506 
  0.76         0.688213 
  0.77         0.689915 
  0.78         0.691611 
  0.79         0.693303 
   0.8          0.69499 
  0.81         0.696672 
  0.82         0.698349 
  0.83         0.700021 
  0.84         0.680408 
  0.85         0.682129 
  0.86         0.683844 
  0.87         0.685554 
  0.88          0.68726 
  0.89         0.688961 
   0.9         0.690657 
  0.91         0.692349 
  0.92         0.694035 
  0.93         0.695717 
  0.94         0.697394 
  0.95         0.699065 
  0.96         0.700732 
  0.97         0.702394 
  0.98         0.704051 
  0.99         0.705703 
     1          0.70735 
