  0.01         0.977947 
  0.02         0.977947 
  0.03         0.977673 
  0.04         0.973342 
  0.05         0.959875 
  0.06         0.938575 
  0.07         0.913532 
  0.08          0.88793 
  0.09         0.863527 
   0.1         0.841096 
  0.11         0.820869 
  0.12         0.802806 
  0.13          0.78675 
  0.14         0.772501 
  0.15         0.759856 
  0.16         0.748625 
  0.17         0.738636 
  0.18         0.729737 
  0.19         0.721799 
   0.2         0.714706 
  0.21          0.70836 
  0.22         0.702676 
  0.23         0.697582 
  0.24         0.693013 
  0.25         0.688914 
  0.26         0.685238 
  0.27         0.681941 
  0.28         0.678988 
  0.29         0.676345 
   0.3         0.673984 
  0.31          0.67188 
  0.32         0.670011 
  0.33         0.668356 
  0.34         0.666897 
  0.35         0.665619 
  0.36         0.664507 
  0.37         0.663549 
  0.38         0.662732 
  0.39         0.662046 
   0.4         0.661482 
  0.41          0.66103 
  0.42         0.660684 
  0.43         0.660436 
  0.44         0.660278 
  0.45         0.660206 
  0.46         0.660213 
  0.47         0.660296 
  0.48         0.660447 
  0.49         0.660665 
   0.5         0.660944 
  0.51         0.661281 
  0.52         0.661672 
  0.53         0.662115 
  0.54         0.662606 
  0.55         0.663142 
  0.56         0.663722 
  0.57         0.664342 
  0.58         0.665001 
  0.59         0.665696 
   0.6         0.666425 
  0.61         0.667187 
  0.62          0.66798 
  0.63         0.668802 
  0.64         0.669652 
  0.65         0.670528 
  0.66         0.671429 
  0.67         0.672354 
  0.68         0.673301 
  0.69          0.67427 
   0.7         0.675259 
  0.71         0.676267 
  0.72         0.677294 
  0.73         0.678338 
  0.74         0.679398 
  0.75         0.680474 
  0.76         0.681566 
  0.77         0.682671 
  0.78          0.68379 
  0.79         0.684922 
   0.8         0.686066 
  0.81         0.687221 
  0.82         0.688388 
  0.83         0.689565 
  0.84         0.690752 
  0.85         0.691948 
  0.86         0.693154 
  0.87         0.694368 
  0.88         0.695589 
  0.89         0.696819 
   0.9         0.698056 
  0.91         0.699299 
  0.92         0.700549 
  0.93         0.701805 
  0.94         0.703066 
  0.95         0.704333 
  0.96         0.705605 
  0.97         0.706882 
  0.98         0.708164 
  0.99         0.709449 
     1         0.710738 
