     1          77.8802 
     2          77.8816 
     3          77.8869 
     4          77.8985 
     5          77.9188 
     6          77.9465 
     7          77.9876 
     8          78.0375 
     9          78.1027 
    10          78.1785 
    11          78.2608 
    12          78.3682 
    13          78.4876 
    14          78.6166 
    15          78.7535 
    16          78.8961 
    17          79.0424 
    18          79.1902 
    19          79.4036 
    20          79.5538 
    21           79.783 
    22          80.0245 
    23          80.1709 
    24          80.4206 
    25          80.6783 
    26          80.9388 
    27          81.2086 
    28          81.4771 
    29          81.7545 
    30          82.0279 
    31          82.3076 
    32          82.5819 
    33          82.8579 
    34          83.1286 
    35          83.6444 
    36          83.9265 
    37          84.1982 
    38          84.4672 
    39          85.0297 
    40          85.2983 
    41          85.5612 
    42          85.8075 
    43          86.4131 
    44          86.6617 
    45          87.2854 
    46          87.5252 
    47          87.7524 
    48          88.4065 
    49          88.6206 
    50          89.2917 
    51          89.4999 
    52          89.6806 
    53          90.3762 
    54          90.5467 
    55          91.2604 
    56          91.4097 
    57          92.1358 
    58          92.2698 
    59          93.0125 
    60          93.1209 
    61          93.8748 
    62          93.9627 
    63          94.7337 
    64          95.5047 
    65          95.5729 
    66          96.3584 
    67          96.4003 
    68          97.1988 
    69          97.2054 
    70          98.0145 
    71          98.8281 
    72          98.8132 
    73          99.6382 
    74          99.5828 
    75          100.418 
    76          101.257 
    77          101.174 
    78          102.024 
    79          102.875 
    80          102.756 
    81          103.617 
    82          104.482 
    83          104.329 
    84          105.204 
    85          106.079 
    86          105.885 
    87           106.77 
    88          107.658 
    89          107.424 
    90          108.321 
    91          109.219 
    92          108.937 
    93          109.844 
    94          110.754 
    95          110.425 
    96          111.345 
    97          112.264 
    98          111.882 
    99          112.811 
   100          113.739 
   101           114.67 
   102          114.244 
   103          115.183 
   104          116.123 
   105          117.063 
   106          116.586 
   107          117.535 
   108          118.485 
   109          117.948 
   110          118.907 
   111          119.865 
   112          120.824 
   113          120.231 
   114          121.198 
   115          122.165 
   116          123.133 
   117          122.481 
   118          123.458 
   119          124.434 
   120          125.411 
   121          126.387 
   122          125.681 
   123          126.665 
   124           127.65 
   125          128.634 
   126          127.863 
   127          128.855 
   128          129.848 
   129           130.84 
   130              130 
   131              131 
   132              132 
   133              133 
   134              134 
   135              135 
   136              136 
   137              137 
   138              138 
   139              139 
   140              140 
   141              141 
   142              142 
   143              143 
   144              144 
   145              145 
   146              146 
   147              147 
   148              148 
   149              149 
   150              150 
